0	0	0	0	0
0	0	0	0	0
0	0.00540098908072464	0.0108019781614493	0.0162029672421739	0.0162029672421739
0.0108019781614496	0.0108019781614496	0.0108019781614496	0.0162029672421743	0.0216039563228989
0	0	0	0	0
0.00540098908072481	0.00540098908072481	0.00540098908072481	0.0108019781614494	0.0162029672421741
0	0.00540098908072467	0.0108019781614493	0.0108019781614493	0.0108019781614493
0	0	0	0.00540098908072464	0.00540098908072464
0	0	0	0	0
0	0	0	0	0
0	0	0	0.00540098908072463	0.0108019781614492
0	0	0	0	0
0.00540098908072467	0.00540098908072467	0.00540098908072467	0.00540098908072467	0.0108019781614493
0	0	0	0	0.0108019781614492
0.00540098908072482	0.00540098908072482	0.0108019781614495	0.0162029672421741	0.0162029672421741
0	0	0	0	0
0	0	0	0	0
0	0	0	0	0
0	0.0108019781614493	0.0108019781614493	0.0162029672421739	0.0162029672421739
0	0	0	0	0
0.00540098908072467	0.0108019781614493	0.016202967242174	0.0216039563228986	0.0270049454036232
0	0.00540098908072466	0.00540098908072466	0.00540098908072466	0.00540098908072466
0	0.00540098908072466	0.0108019781614493	0.0216039563228986	0.0216039563228986
0.00540098908072471	0.00540098908072471	0.0108019781614493	0.0216039563228986	0.0216039563228986
0	0	0	0.00540098908072464	0.00540098908072464
0	0.00540098908072464	0.00540098908072464	0.00540098908072464	0.0108019781614493
0	0	0	0	0
0	0.00540098908072467	0.00540098908072467	0.0108019781614493	0.0216039563228985
0.00540098908072471	0.0108019781614494	0.0108019781614494	0.0108019781614494	0.0108019781614494
