   1   1  28  27   2  22  23  26  24  -1  -1
   2   2   0  27  26  28   3  25  22  21  24
   3   1   3  26  27  25   4   0  24  28  -1
   4   4   2  25  26  24   1  27   5   8  23
   5   3   5  24   8  25   2  23  26   6   1
   6   6   4  23  24   8   7   9  22   3  25
   7   7   5   9  10   8  21  22  11   4  20
   8   6   8   9   5  10  -1  -1  -1  -1  -1
   9   9   7  24  25   5   4   6  23   3  10
  10   8  10   7   6  22  21  23   5  11  24
  11  11   9  21   6  22  12  20   7  23  19
  12  10  12  20  21  19   9  22   6  13  18
  13  13  11  19  20  18  10  14  21  17  -1
  14  12  14  19  17  18  15  11  20  16  -1
  15  13  15  16  17  12  19  18  -1  -1  -1
  16  16  14  17  13  -1  -1  -1  -1  -1  -1
  17  15  17  14  18  13  -1  -1  -1  -1  -1
  18  18  16  14  13  19  15  12  -1  -1  -1
  19  17  19  20  13  16  12  11  14  -1  -1
  20  20  18  12  11  13  17  21  14  10  -1
  21  21  19  11  12  18  10  22  13   6  -1
  22  20  22  10  11   6   9  19  23  12   1
  23  23  21   9  10   5   6  11   1   0  20
  24  22  24   5   9   8   4   0  21  25  10
  25  23  25   4   8   5   3  26   2  22   1
  26  24  26   3   8   4   2  27   1   5  23
  27  27  25   2   3   1   4  24  28   0  -1
  28  28  26   1   0   2  25   3  -1  -1  -1
  29  27   0   1  26   2  -1  -1  -1  -1  -1
